23.18,27.272,426,721.25,0.0047929882,1
23.15,27.2675,429.5,714,0.0047834409,1
23.15,27.245,426,713.5,0.0047794635,1
23.15,27.2,426,708.25,0.0047715088,1
23.1,27.2,426,704.5,0.0047569929,1
23.1,27.2,419,701,0.0047569929,1
23.1,27.2,419,701.6666666667,0.0047569929,1
23.1,27.2,419,699,0.0047569929,1
23.1,27.2,419,689.3333333333,0.0047569929,1
23.075,27.175,419,688,0.0047453507,1
23.075,27.15,419,690.25,0.0047409519,1
23.1,27.1,419,691,0.0047393707,1
23.1,27.1666666667,419,683.5,0.0047511188,1
23.05,27.15,419,687.5,0.0047337318,1
23,27.125,419,686,0.0047149421,1
23,27.125,418.5,680.5,0.0047149421,1
23,27.2,0,681.5,0.0047280779,0
22.945,27.29,0,685,0.0047279514,0
22.945,27.39,0,685,0.0047454084,0
22.89,27.39,0,689,0.0047295062,0
22.89,27.39,0,689.5,0.0047295062,0
22.89,27.39,0,689,0.0047295062,0
22.89,27.445,0,691,0.0047390755,0
22.89,27.5,0,688,0.0047486452,0
22.89,27.5,0,689.5,0.0047486452,0
22.79,27.445,0,689,0.004710224,0
22.79,27.5,0,685.6666666667,0.004719735,0
22.79,27.5,0,687,0.004719735,0
22.79,27.5,0,688,0.004719735,0
22.745,27.5,0,670,0.0047067762,0
22.7,27.4633333333,0,668.6666666667,0.0046875431,0
22.7,27.5,0,670,0.0046938487,0
22.7,27.5,0,667,0.0046938487,0
22.6666666667,27.4266666667,0,664.5,0.0046717078,0
22.7,27.6,0,670,0.0047110465,0
22.6,27.4266666667,0,670.3333333333,0.0046526995,0
22.6,27.39,0,672,0.0046464328,0
22.6,27.3566666667,0,658,0.004640736,0
22.6,27.445,0,660.5,0.0046558328,0
22.6,27.4266666667,0,658,0.0046526995,0
22.6,27.445,0,655,0.0046558328,0
22.6,27.445,0,654.25,0.0046558328,0
22.6,27.39,0,648,0.0046464328,0
22.5,27.3233333333,0,648.6666666667,0.0046067632,0
22.5,27.445,0,646,0.004627429,0
22.5,27.5,0,646,0.0046367716,0
22.5,27.445,0,641.5,0.004627429,0
22.39,27.29,0,639,0.0045702121,0
22.5,27.5,0,640,0.0046367716,0
22.39,27.34,0,630.5,0.0045786471,0
22.39,27.3566666667,0,629.3333333333,0.0045814589,0
22.39,27.5,0,632,0.0046056409,0
22.39,27.5,0,636.5,0.0046056409,0
22.39,27.5,0,627.5,0.0046056409,0
22.39,27.39,0,626,0.0045870824,0
22.39,27.5,0,625.5,0.0046056409,0
22.34,27.39,0,623.5,0.0045730503,0
22.39,27.4633333333,0,624.6666666667,0.0045994546,0
22.39,27.39,0,622,0.0045870824,0
22.29,27.39,0,621,0.0045590561,0
22.34,27.39,0,626.5,0.0045730503,0
22.29,27.39,0,622,0.0045590561,0
22.39,27.39,0,620,0.0045870824,0
22.29,27.39,0,621.5,0.0045590561,0
22.29,27.3566666667,0,616.3333333333,0.0045534672,0
22.29,27.34,0,609,0.0045506728,0
22.29,27.39,0,614,0.0045590561,0
22.29,27.34,0,613.5,0.0045506728,0
22.29,27.34,0,611,0.0045506728,0
22.29,27.39,0,612,0.0045590561,0
22.29,27.29,0,608,0.0045422896,0
22.29,27.29,0,605.5,0.0045422896,0
22.2675,27.315,0,608.5,0.0045402136,0
22.2,27.29,0,608.5,0.0045172882,0
22.245,27.29,0,602.5,0.0045297737,0
22.2,27.29,0,598,0.0045172882,0
22.2,27.29,0,595,0.0045172882,0
22.2,27.29,0,591,0.0045172882,0
22.245,27.245,0,591,0.00452225,0
22.2,27.2,0,595,0.0045022827,0
22.2,27.29,0,594.3333333333,0.0045172882,0
22.2,27.29,0,593.5,0.0045172882,0
22.2,27.29,0,592,0.0045172882,0
22.15,27.245,0,586.5,0.0044959714,0
22.2,27.2,0,586,0.0045022827,0
22.15,27.245,0,586,0.0044959714,0
22.2,27.245,0,584.5,0.0045097854,0
22.1,27.245,0,584.5,0.0044821947,0
22.1,27.2,0,585.5,0.0044747383,0
22.1333333333,27.2,0,584.6666666667,0.0044839032,0
22.2,27.2,0,577,0.0045022827,0
22.1,27.2,0,580,0.0044747383,0
22.125,27.2,0,582,0.0044816104,0
22.2,27.2,0,580,0.0045022827,0
22.1,27.15,0,578,0.0044664536,0
22.1,27.2,0,576.5,0.0044747383,0
22.1,27.2,0,580,0.0044747383,0
22.1,27.2,0,572.5,0.0044747383,0
22.1,27.2,0,567,0.0044747383,0
22.1,27.2,0,568,0.0044747383,0
22.1,27.2,0,574.5,0.0044747383,0
22.1,27.2,0,564.3333333333,0.0044747383,0
22.1,27.2,0,563,0.0044747383,0
22.1,27.15,0,564.5,0.0044664536,0
22.0666666667,27.1666666667,0,566.3333333333,0.0044600781,0
22.1,27.1,0,562,0.0044581691,0
22,27.1,0,565.5,0.0044308756,0
22,27.1,0,570,0.0044308756,0
22.05,27.15,0,562,0.0044527627,0
22,27.1,0,560,0.0044308756,0
22,27.1,0,558,0.0044308756,0
22,27.1,0,556,0.0044308756,0
22,27.1,0,557,0.0044308756,0
21.9175,27.1,0,556.5,0.0044084694,0
21.945,27.1,0,557.5,0.004415927,0
21.9266666667,27.1,0,555,0.0044109541,0
21.89,27.1,0,555,0.004401023,0
21.89,27.1,0,553,0.004401023,0
21.89,27.1,0,549.5,0.004401023,0
21.89,27.1,0,548.5,0.004401023,0
21.89,27.1,0,551.5,0.004401023,0
21.89,27.1,0,548.5,0.004401023,0
21.89,27.1,0,548,0.004401023,0
21.89,27.1,0,547.5,0.004401023,0
21.89,27.1,0,553,0.004401023,0
21.84,27.1,0,547.5,0.0043875124,0
21.8566666667,27.1,0,548.6666666667,0.0043920118,0
21.79,27.1,0,540,0.0043740384,0
21.79,27.1,0,538,0.0043740384,0
21.79,27.1,0,542,0.0043740384,0
21.79,27.1,0,542,0.0043740384,0
21.79,27.1,0,538,0.0043740384,0
21.79,27.1,0,537.6666666667,0.0043740384,0
21.79,27.1,0,537.5,0.0043740384,0
21.79,27.1,0,536,0.0043740384,0
21.745,27.1,0,534.5,0.004361943,0
21.7,27.1,0,532.5,0.0043498771,0
21.76,27.1,0,530,0.0043659715,0
21.745,27.05,0,529.5,0.0043538388,0
21.79,27.05,0,531,0.0043659115,0
21.73,27,0,533.3333333333,0.0043417246,0
21.745,27,0,531,0.0043457348,0
21.745,27,0,529,0.0043457348,0
21.745,27,0,528.5,0.0043457348,0
21.7,27,0,525,0.0043337141,0
21.7,27,0,528.5,0.0043337141,0
21.7,27,0,530.5,0.0043337141,0
21.7,26.89,0,528,0.0043159357,0
21.7,26.89,0,526,0.0043159357,0
21.7,26.89,0,530,0.0043159357,0
21.7,26.89,0,533.3333333333,0.0043159357,0
21.7,26.89,0,529,0.0043159357,0
21.7,26.89,0,528,0.0043159357,0
21.7,26.89,0,526,0.0043159357,0
21.7,26.89,0,526,0.0043159357,0
21.7,26.79,0,521,0.0042997744,0
21.7,26.79,0,518,0.0042997744,0
21.7,26.79,0,515.5,0.0042997744,0
21.7,26.79,0,520,0.0042997744,0
21.7,26.7675,0,523.5,0.0042961382,0
21.7,26.79,0,525.5,0.0042997744,0
21.7,26.79,0,525.5,0.0042997744,0
21.7,26.79,0,514,0.0042997744,0
21.7,26.7,0,518,0.0042852299,0
21.7,26.7,0,518,0.0042852299,0
21.7,26.7,0,520,0.0042852299,0
21.6,26.7,0,521,0.0042589219,0
21.6,26.6,0,518,0.004242862,0
21.6,26.65,0,517,0.0042508918,0
21.6,26.6,0,511.5,0.004242862,0
21.65,26.65,0,514,0.0042640031,0
21.6,26.55,0,515.5,0.0042348324,0
21.6,26.5,0,517,0.004226803,0
21.6,26.5,0,515,0.004226803,0
21.6,26.5,0,512,0.004226803,0
21.6,26.5,0,515,0.004226803,0
21.65,26.55,0,511,0.0042478938,0
21.6,26.5,0,514,0.004226803,0
21.6,26.445,0,508,0.0042179709,0
21.6,26.4725,0,509.75,0.004222387,0
21.6,26.445,0,508.75,0.0042179709,0
21.6,26.445,0,508.5,0.0042179709,0
21.6,26.39,0,507,0.0042091391,0
21.6,26.39,0,507,0.0042091391,0
21.6,26.39,0,503.5,0.0042091391,0
21.6,26.39,0,504,0.0042091391,0
21.6,26.39,0,504,0.0042091391,0
21.575,26.315,0,500.5,0.0041906371,0
21.6,26.29,0,500,0.0041930818,0
21.6,26.29,0,503.5,0.0041930818,0
21.55,26.245,0,503,0.004172982,0
21.55,26.245,0,502.5,0.004172982,0
21.5,26.2,0,502,0.004152962,0
21.5666666667,26.2,0,502,0.0041700591,0
21.5,26.2,0,502.5,0.004152962,0
21.5,26.2,0,497,0.004152962,0
21.5,26.15,0,501.5,0.0041449837,0
21.5,26.15,0,504,0.0041449837,0
21.5,26.1,0,501,0.0041370056,0
21.5,26.1,0,493.75,0.0041370056,0
21.5,26.1,0,500,0.0041370056,0
21.5,26.1,0,504.5,0.0041370056,0
21.5,26.05,0,504,0.0041290277,0
21.5,26.1,0,501,0.0041370056,0
21.5,26,0,499,0.00412105,0
21.5,26,0,502,0.00412105,0
21.5,26,0,503.5,0.00412105,0
21.5,26,0,500.6666666667,0.00412105,0
21.5,26,0,493,0.00412105,0
21.5,26,0,492.5,0.00412105,0
21.5,26,0,493,0.00412105,0
21.5,25.89,0,495.5,0.0041034997,0
21.5,26,0,492.6666666667,0.00412105,0
21.5,26,0,490,0.00412105,0
21.5,25.9266666667,0,493,0.0041093497,0
21.5,25.89,0,494.6666666667,0.0041034997,0
21.5,25.89,0,496,0.0041034997,0
21.5,25.89,0,491,0.0041034997,0
21.5,25.84,0,490.5,0.0040955227,0
21.5,25.84,0,490,0.0040955227,0
21.5,25.89,0,491,0.0041034997,0
21.5,25.89,0,491.6666666667,0.0041034997,0
21.5,25.89,0,493.5,0.0041034997,0
21.4725,25.865,0,493.75,0.0040925678,0
21.5,25.84,0,490,0.0040955227,0
21.5,25.79,0,488,0.0040875458,0
21.5,25.79,0,490,0.0040875458,0
21.5,25.79,0,487,0.0040875458,0
21.445,25.745,0,492.5,0.0040665556,0
21.445,25.745,0,493.5,0.0040665556,0
21.4633333333,25.76,0,493.3333333333,0.0040735423,0
21.445,25.745,0,488,0.0040665556,0
21.5,25.79,0,487.5,0.0040875458,0
21.4266666667,25.73,0,485.3333333333,0.0040595789,0
21.39,25.7,0,484,0.0040456556,0
21.39,25.7,0,489,0.0040456556,0
21.445,25.745,0,488,0.0040665556,0
21.5,25.79,0,493,0.0040875458,0
21.39,25.7,0,491,0.0040456556,0
21.445,25.745,0,488,0.0040665556,0
21.445,25.745,0,487.25,0.0040665556,0
21.39,25.7,0,489,0.0040456556,0
21.5,25.79,0,489,0.0040875458,0
21.39,25.7,0,486,0.0040456556,0
21.4266666667,25.73,0,484.6666666667,0.0040595789,0
21.39,25.7,0,485,0.0040456556,0
21.39,25.7,0,487,0.0040456556,0
21.39,25.7,0,492,0.0040456556,0
21.39,25.7,0,490.6666666667,0.0040456556,0
21.39,25.7,0,488,0.0040456556,0
21.39,25.7,0,485.5,0.0040456556,0
21.39,25.7,0,486,0.0040456556,0
21.39,25.7,0,485.5,0.0040456556,0
21.39,25.7,0,486,0.0040456556,0
21.39,25.7,0,480,0.0040456556,0
21.39,25.7,0,481,0.0040456556,0
21.39,25.7,0,481.6666666667,0.0040456556,0
21.39,25.7,0,485.5,0.0040456556,0
21.39,25.7,0,485,0.0040456556,0
21.39,25.7,0,473,0.0040456556,0
21.39,25.7,0,475,0.0040456556,0
21.39,25.7,0,486,0.0040456556,0
21.39,25.7,0,481.5,0.0040456556,0
21.39,25.7,0,483,0.0040456556,0
21.39,25.7,0,479,0.0040456556,0
21.39,25.7,0,479,0.0040456556,0
21.39,25.7,0,479,0.0040456556,0
21.34,25.7,0,479,0.0040331953,0
21.39,25.7,0,479,0.0040456556,0
21.39,25.7,0,477,0.0040456556,0
21.39,25.7,0,477.5,0.0040456556,0
21.29,25.7,0,477.5,0.0040207687,0
21.34,25.7,0,480,0.0040331953,0
21.29,25.7,0,480,0.0040207687,0
21.34,25.7,0,482,0.0040331953,0
21.3233333333,25.7,0,480.3333333333,0.0040290493,0
21.34,25.7,0,477.5,0.0040331953,0
21.29,25.7,0,476,0.0040207687,0
21.39,25.7,0,479,0.0040456556,0
21.39,25.7,0,471,0.0040456556,0
21.29,25.7,0,474,0.0040207687,0
21.29,25.7,0,477.5,0.0040207687,0
21.34,25.7,0,476,0.0040331953,0
21.29,25.7,0,474.25,0.0040207687,0
21.39,25.7,0,475,0.0040456556,0
21.29,25.7,0,476.5,0.0040207687,0
21.34,25.7,0,474.5,0.0040331953,0
21.29,25.7,0,478,0.0040207687,0
21.29,25.7,0,475.3333333333,0.0040207687,0
21.29,25.7,0,477,0.0040207687,0
21.29,25.7,0,475.5,0.0040207687,0
21.29,25.7,0,477.5,0.0040207687,0
21.29,25.7,0,477.5,0.0040207687,0
21.29,25.7,0,478,0.0040207687,0
21.29,25.7,0,473.5,0.0040207687,0
21.29,25.7,0,472.5,0.0040207687,0
21.29,25.7,0,472,0.0040207687,0
21.29,25.7,0,469.5,0.0040207687,0
21.29,25.7,0,466.6666666667,0.0040207687,0
21.29,25.7,0,467,0.0040207687,0
21.29,25.7,0,469.5,0.0040207687,0
21.2,25.6,0,469,0.0039828281,0
21.29,25.7,0,471,0.0040207687,0
21.29,25.7,0,469,0.0040207687,0
21.26,25.6666666667,0,467.3333333333,0.0040080901,0
21.245,25.65,0,471.5,0.0040017627,0
21.23,25.6333333333,0,471.6666666667,0.0039954433,0
21.29,25.7,0,475,0.0040207687,0
21.2,25.6,0,471,0.0039828281,0
21.2,25.6,0,471,0.0039828281,0
21.245,25.65,0,471,0.0040017627,0
21.245,25.65,0,474.5,0.0040017627,0
21.2,25.6,0,475.5,0.0039828281,0
21.2,25.6,0,474,0.0039828281,0
21.2,25.6,0,469,0.0039828281,0
21.2,25.6,0,474,0.0039828281,0
21.2,25.6,0,474,0.0039828281,0
21.2,25.6,0,468.5,0.0039828281,0
21.2,25.6,0,469.5,0.0039828281,0
21.2,25.6,0,472.5,0.0039828281,0
21.2,25.6,0,467.5,0.0039828281,0
21.2,25.6,0,469,0.0039828281,0
21.2,25.55,0,466.5,0.0039749994,0
21.2,25.5,0,469.5,0.0039671709,0
21.2,25.5,0,469,0.0039671709,0
21.2,25.5,0,467,0.0039671709,0
21.2,25.5,0,467.3333333333,0.0039671709,0
21.2,25.5,0,467,0.0039671709,0
21.2,25.5,0,464.5,0.0039671709,0
21.2,25.445,0,466,0.0039585598,0
21.2,25.5,0,473,0.0039671709,0
21.2,25.39,0,475,0.003949949,0
21.2,25.39,0,471,0.003949949,0
21.2,25.39,0,470,0.003949949,0
21.2,25.39,0,466.25,0.003949949,0
21.2,25.39,0,467,0.003949949,0
21.2,25.39,0,473,0.003949949,0
21.2,25.39,0,468,0.003949949,0
21.2,25.39,0,463,0.003949949,0
21.2,25.39,0,466,0.003949949,0
21.2,25.39,0,467,0.003949949,0
21.2,25.29,0,468,0.0039342935,0
21.2,25.39,0,468,0.003949949,0
21.2,25.29,0,468,0.0039342935,0
21.2,25.34,0,465.5,0.0039421211,0
21.2,25.39,0,464,0.003949949,0
21.2,25.34,0,464.5,0.0039421211,0
21.2,25.29,0,465.6666666667,0.0039342935,0
21.2,25.365,0,465.75,0.003946035,0
21.2,25.39,0,464,0.003949949,0
21.2,25.39,0,467,0.003949949,0
21.15,25.39,0,466.5,0.0039377675,0
21.2,25.39,0,465,0.003949949,0
21.2,25.39,0,462,0.003949949,0
21.2,25.39,0,459.6666666667,0.003949949,0
21.2,25.29,0,458,0.0039342935,0
21.2,25.34,0,462.5,0.0039421211,0
21.2,25.29,0,467,0.0039342935,0
21.2,25.29,0,466.5,0.0039342935,0
21.2,25.29,0,463,0.0039342935,0
21.2,25.29,0,465,0.0039342935,0
21.2,25.29,0,463.25,0.0039342935,0
21.2,25.29,0,460,0.0039342935,0
21.2,25.29,0,457,0.0039342935,0
21.2,25.29,0,456,0.0039342935,0
21.245,25.245,0,454,0.003938177,0
21.23,25.23,0,454,0.0039321787,0
21.29,25.29,0,458,0.0039562162,0
21.2,25.2,0,456,0.0039202042,0
21.245,25.245,0,456.5,0.003938177,0
21.245,25.245,0,458.5,0.003938177,0
21.26,25.26,0,459.6666666667,0.0039441826,0
21.245,25.245,0,464,0.003938177,0
21.245,25.2,0,465,0.0039311127,0
21.29,25.2,0,461,0.0039420479,0
21.245,25.2,0,458.5,0.0039311127,0
21.29,25.2,0,459,0.0039420479,0
21.29,25.2,0,451,0.0039420479,0
21.29,25.2,0,456,0.0039420479,0
21.29,25.2,0,463,0.0039420479,0
21.29,25.2,0,461.6666666667,0.0039420479,0
21.29,25.2,0,458,0.0039420479,0
21.29,25.2,0,450,0.0039420479,0
21.29,25.2,0,457,0.0039420479,0
21.29,25.2,0,456,0.0039420479,0
21.29,25.2,0,456,0.0039420479,0
21.29,25.2,0,461,0.0039420479,0
21.29,25.2,0,463,0.0039420479,0
21.29,25.2,0,460,0.0039420479,0
21.29,25.2,0,456,0.0039420479,0
21.29,25.2,0,454.5,0.0039420479,0
21.29,25.2,0,448.5,0.0039420479,0
21.29,25.2,0,453.5,0.0039420479,0
21.29,25.2,0,454,0.0039420479,0
21.29,25.2,0,454,0.0039420479,0
21.29,25.245,0,450.5,0.003949132,0
21.29,25.245,0,453,0.003949132,0
21.2,25.2,0,457,0.0039202042,0
21.2,25.2,0,452.5,0.0039202042,0
21.2,25.2,0,449,0.0039202042,0
21.2,25.2,0,458.6666666667,0.0039202042,0
21.2,25.2,0,454.5,0.0039202042,0
21.2,25.245,0,455.5,0.0039272488,0
21.2,25.245,0,453.5,0.0039272488,0
21.2,25.29,0,452,0.0039342935,0
21.2,25.29,0,451.5,0.0039342935,0
21.2,25.29,0,451,0.0039342935,0
21.1666666667,25.3566666667,0,450.3333333333,0.0039366165,0
21.1666666667,25.39,0,450,0.0039418243,0
21.15,25.39,0,453.5,0.0039377675,0
21.1,25.39,0,454,0.0039256191,0
21.15,25.39,0,452.5,0.0039377675,0
21.1,25.39,0,454,0.0039256191,0
21.1,25.39,0,457,0.0039256191,0
21.1,25.4633333333,0,450.3333333333,0.0039370291,0
21.1,25.5,0,451,0.0039427343,0
21.1,25.5,0,451,0.0039427343,0
21.05,25.445,0,449,0.0039220347,0
21.1,25.5,0,449,0.0039427343,0
21.05,25.445,0,450,0.0039220347,0
21.05,25.445,0,449,0.0039220347,0
21.1,25.5,0,445,0.0039427343,0
21,25.39,0,443,0.0039014214,0
21.1,25.5,0,446.5,0.0039427343,0
21.1,25.5,0,446,0.0039427343,0
21.1,25.5,0,451.5,0.0039427343,0
21.1,25.39,0,445,0.0039256191,0
21.1,25.39,0,449,0.0039256191,0
21.1,25.39,0,451.6666666667,0.0039256191,0
21.1,25.39,0,452,0.0039256191,0
21.1,25.39,0,451,0.0039256191,0
21.05,25.34,0,450,0.0039057486,0
21.1,25.39,0,450,0.0039256191,0
21.1,25.39,0,448,0.0039256191,0
21.1,25.39,0,450.6666666667,0.0039256191,0
21.1,25.39,0,450,0.0039256191,0
21.15,25.39,0,446,0.0039377675,0
21.1,25.39,0,444,0.0039256191,0
21.125,25.39,0,447.5,0.0039316891,0
21.1333333333,25.39,0,443.3333333333,0.0039337143,0
21.1,25.34,0,443.5,0.0039178397,0
21.1,25.34,0,444,0.0039178397,0
21.15,25.34,0,449,0.0039299639,0
21.2,25.29,0,449.3333333333,0.0039342935,0
21.15,25.29,0,448,0.0039221605,0
21.15,25.245,0,449.5,0.0039151377,0
21.2,25.245,0,450,0.0039272488,0
21.2,25.2,0,447,0.0039202042,0
21.2,25.2,0,446,0.0039202042,0
21.1333333333,25.2,0,443,0.0039040925,0
21.1666666667,25.2,0,444,0.0039121411,0
21.2,25.2,0,444.5,0.0039202042,0
21.2,25.2,0,445,0.0039202042,0
21.2,25.2,0,451,0.0039202042,0
21.2,25.2,0,450,0.0039202042,0
21.2,25.2,0,444,0.0039202042,0
21.2,25.2,0,443,0.0039202042,0
21.2,25.1,0,438.5,0.0039045502,0
21.2,25.1,0,441,0.0039045502,0
21.2,25.1,0,444,0.0039045502,0
21.2,25.15,0,441.5,0.0039123771,0
21.2,25.1,0,441,0.0039045502,0
21.2,25.1,0,439.5,0.0039045502,0
21.2,25.1,0,441,0.0039045502,0
21.2,25.1,0,442,0.0039045502,0
21.2,25.1,0,441,0.0039045502,0
21.2,25.1,0,436,0.0039045502,0
21.2,25.1,0,442.5,0.0039045502,0
21.2,25.1,0,446,0.0039045502,0
21.2,25.1,0,443,0.0039045502,0
21.2,25.1,0,437.5,0.0039045502,0
21.2,25.1,0,440.5,0.0039045502,0
21.2,25.05,0,439.5,0.0038967235,0
21.2,25,0,443,0.0038888969,0
21.2,25,0,443,0.0038888969,0
21.2,25,0,438.5,0.0038888969,0
21.2,25,0,438,0.0038888969,0
21.2,25,0,442.3333333333,0.0038888969,0
21.2,25,0,448,0.0038888969,0
21.2,25.1,0,447.5,0.0039045502,0
21.125,25.1,0,445.75,0.0038865015,0
21.1,25,0,439,0.0038649454,0
21.1,25.1,0,440,0.0038805016,0
21.1,25.1,0,441.5,0.0038805016,0
21.1,25.0666666667,0,439,0.0038753161,0
21.1,25,0,439,0.0038649454,0
21.1,25.1,0,437.5,0.0038805016,0
21.05,25.05,0,437.5,0.0038607723,0
21.1,25.1,0,439.3333333333,0.0038805016,0
21.1,25.1,0,443,0.0038805016,0
21,25,0,440.5,0.003841124,0
21,25,0,442.3333333333,0.003841124,0
21,25,0,440.6666666667,0.003841124,0
21,25,0,440,0.003841124,0
21,25,0,439,0.003841124,0
21,25,0,442,0.003841124,0
21,25,0,443.5,0.003841124,0
21,25,0,445,0.003841124,0
21,25,0,445,0.003841124,0
21,25.05,0,442.5,0.0038488538,0
21,25.1,0,440,0.0038565838,0
21,25,0,439.5,0.003841124,0
21,25,0,438.5,0.003841124,0
21,25,0,435,0.003841124,0
21,25,0,439.5,0.003841124,0
21,25,0,440.5,0.003841124,0
21,25,0,439.5,0.003841124,0
21,25,0,441,0.003841124,0
21,25,0,442,0.003841124,0
21,25,0,445,0.003841124,0
21,25,0,444,0.003841124,0
21,25,0,445,0.003841124,0
21,24.89,0,444,0.0038241192,0
21,24.89,0,443,0.0038241192,0
21,24.89,0,448,0.0038241192,0
21.05,24.945,0,443,0.0038444894,0
21.05,24.945,0,440,0.0038444894,0
21,24.89,0,440,0.0038241192,0
21.0333333333,24.9266666667,0,441,0.0038376898,0
21.05,24.945,0,440.5,0.0038444894,0
21.05,24.945,0,444.5,0.0038444894,0
21.1,25,0,446,0.0038649454,0
21.05,24.945,0,442.5,0.0038444894,0
21,24.89,0,439,0.0038241192,0
21.1,24.89,0,441,0.0038478344,0
21.1,24.89,0,438.3333333333,0.0038478344,0
21.0333333333,24.89,0,439.5,0.0038320099,0
21.075,24.9725,0,440.75,0.0038547067,0
21.0333333333,24.9266666667,0,437,0.0038376898,0
21.1,24.945,0,440.5,0.0038563898,0
21.1,24.9175,0,442.25,0.0038521121,0
21.1,24.89,0,435,0.0038478344,0
21.1,24.89,0,435.5,0.0038478344,0
21.1,24.89,0,432,0.0038478344,0
21.1,24.89,0,439.5,0.0038478344,0
21.05,24.84,0,442.5,0.0038282074,0
21.1,24.89,0,438.5,0.0038478344,0
21.05,24.84,0,435.5,0.0038282074,0
21.0666666667,24.8566666667,0,437.3333333333,0.0038347408,0
21.1,24.89,0,437,0.0038478344,0
21.0333333333,24.8233333333,0,438,0.003821683,0
21.025,24.84,0,435,0.0038222947,0
21,24.79,0,440,0.003808661,0
21,24.8233333333,0,441.3333333333,0.0038138136,0
21,24.8566666667,0,435,0.0038189663,0
21,24.89,0,432,0.0038241192,0
21,24.89,0,435.5,0.0038241192,0
21,24.89,0,444,0.0038241192,0
21,24.84,0,444.5,0.00381639,0
21,24.89,0,446,0.0038241192,0
21,24.89,0,445,0.0038241192,0
21,24.89,0,438.3333333333,0.0038241192,0
21,24.89,0,445.5,0.0038241192,0
21,24.89,0,439,0.0038241192,0
21,24.89,0,439,0.0038241192,0
20.945,24.89,0,439.5,0.0038111307,0
20.9633333333,24.89,0,443.3333333333,0.0038154559,0
20.89,24.89,0,443.5,0.0037981813,0
20.9266666667,24.89,0,444,0.0038068099,0
21,24.89,0,447.5,0.0038241192,0
20.89,24.89,0,445.5,0.0037981813,0
20.89,24.89,0,443,0.0037981813,0
20.89,24.89,0,438,0.0037981813,0
20.89,24.89,0,428,0.0037981813,0
20.89,24.89,0,431,0.0037981813,0
20.89,24.89,0,441,0.0037981813,0
20.89,24.89,0,446,0.0037981813,0
20.89,24.89,0,447,0.0037981813,0
20.89,24.89,0,439,0.0037981813,0
20.89,24.89,0,438.3333333333,0.0037981813,0
20.89,24.89,0,442,0.0037981813,0
20.9266666667,24.79,0,443.3333333333,0.0037914222,0
20.89,24.79,0,448,0.0037828286,0
20.89,24.79,0,444.5,0.0037828286,0
20.9266666667,24.79,0,443.3333333333,0.0037914222,0
20.945,24.79,0,445,0.0037957254,0
21,24.7,0,445,0.0037947493,0
21,24.7,0,443.5,0.0037947493,0
21,24.7,0,439,0.0037947493,0
21,24.7,0,441.5,0.0037947493,0
21,24.6333333333,0,441.3333333333,0.0037844448,0
21,24.6,0,441,0.0037792926,0
21,24.6,0,441,0.0037792926,0
21,24.6,0,440,0.0037792926,0
21,24.6,0,436,0.0037792926,0
21,24.6,0,444,0.0037792926,0
21,24.6,0,442,0.0037792926,0
21,24.6,0,443.6666666667,0.0037792926,0
21,24.6,0,439.5,0.0037792926,0
21,24.5666666667,0,439.3333333333,0.0037741405,0
21,24.55,0,443.5,0.0037715645,0
21,24.5,0,445,0.0037638367,0
21,24.5,0,441.5,0.0037638367,0
21,24.5,0,445,0.0037638367,0
21,24.5,0,444.5,0.0037638367,0
21,24.5,0,443.6666666667,0.0037638367,0
21,24.5,0,445.5,0.0037638367,0
21,24.445,0,445,0.0037553362,0
21,24.445,0,443.5,0.0037553362,0
21,24.39,0,447,0.003746836,0
21,24.39,0,444,0.003746836,0
21,24.5,0,442.5,0.0037638367,0
21,24.4266666667,0,445,0.0037525028,0
21,24.5,0,444,0.0037638367,0
21,24.39,0,440,0.003746836,0
21,24.39,0,445.5,0.003746836,0
21,24.39,0,444.5,0.003746836,0
21,24.39,0,442.5,0.003746836,0
21,24.39,0,444,0.003746836,0
21,24.39,0,442,0.003746836,0
21,24.3566666667,0,442.6666666667,0.0037416845,0
21,24.29,0,439,0.0037313817,0
20.89,24.39,0,440,0.0037214254,0
20.945,24.39,0,440,0.0037341117,0
21,24.39,0,444,0.003746836,0
20.89,24.39,0,439.5,0.0037214254,0
20.89,24.39,0,440,0.0037214254,0
20.89,24.39,0,440,0.0037214254,0
20.89,24.29,0,442,0.0037060765,0
20.89,24.34,0,445,0.0037137509,0
20.8566666667,24.3566666667,0,447,0.0037086495,0
20.89,24.39,0,446,0.0037214254,0
20.89,24.34,0,445,0.0037137509,0
20.89,24.39,0,445,0.0037214254,0
20.89,24.29,0,443,0.0037060765,0
20.89,24.29,0,442,0.0037060765,0
20.84,24.245,0,444,0.003687739,0
20.89,24.39,0,443.5,0.0037214254,0
20.89,24.29,0,441,0.0037060765,0
20.8566666667,24.26,0,441,0.0036938432,0
20.89,24.29,0,444,0.0037060765,0
20.89,24.29,0,445.5,0.0037060765,0
20.89,24.29,0,441,0.0037060765,0
20.89,24.29,0,445.3333333333,0.0037060765,0
20.89,24.2,0,442,0.0036922631,0
20.89,24.29,0,442,0.0037060765,0
20.89,24.2,0,446.5,0.0036922631,0
20.8566666667,24.1666666667,0,444.3333333333,0.0036795482,0
20.89,24.2,0,445.5,0.0036922631,0
20.89,24.2,0,441.5,0.0036922631,0
20.865,24.175,0,447.25,0.0036827236,0
20.89,24.2,0,448,0.0036922631,0
20.89,24.175,0,447.25,0.0036884262,0
20.89,24.2,0,439,0.0036922631,0
20.89,24.15,0,440,0.0036845893,0
20.89,24.2,0,440,0.0036922631,0
20.89,24.1,0,445,0.0036769156,0
20.89,24,0,438,0.0036615689,0
20.945,24,0,438.5,0.0036740499,0
21,24,0,440,0.0036865684,0
20.945,24,0,446,0.0036740499,0
20.945,24,0,447,0.0036740499,0
20.9266666667,24,0,447,0.0036698854,0
20.89,24,0,445,0.0036615689,0
20.89,24,0,446.5,0.0036615689,0
20.945,24,0,446,0.0036740499,0
20.89,23.89,0,453,0.0036446884,0
21,23.89,0,451,0.0036695719,0
21,23.84,0,448.5,0.0036618466,0
21,23.8233333333,0,444.6666666667,0.0036592715,0
21,23.79,0,447,0.0036541214,0
21,23.79,0,447,0.0036541214,0
21,23.79,0,445,0.0036541214,0
21,23.79,0,446.5,0.0036541214,0
21,23.79,0,446.5,0.0036541214,0
21,23.7675,0,442.25,0.0036506452,0
21,23.79,0,443,0.0036541214,0
21,23.79,0,443,0.0036541214,0
20.9633333333,23.79,0,442.3333333333,0.0036458455,0
20.89,23.79,0,444.5,0.0036293433,0
20.89,23.73,0,443.3333333333,0.0036201365,0
20.9175,23.7225,0,446.5,0.0036251486,0
20.89,23.7,0,449,0.0036155333,0
20.89,23.7,0,449.5,0.0036155333,0
20.89,23.6,0,448.5,0.0036001896,0
20.89,23.7,0,446,0.0036155333,0
20.89,23.6,0,446,0.0036001896,0
20.89,23.6,0,444,0.0036001896,0
20.89,23.6,0,443.3333333333,0.0036001896,0
20.89,23.6333333333,0,441.6666666667,0.003605304,0
20.89,23.6,0,449.5,0.0036001896,0
20.89,23.6,0,448.5,0.0036001896,0
20.89,23.6,0,450,0.0036001896,0
20.89,23.6,0,448.5,0.0036001896,0
20.945,23.6,0,446.5,0.0036124601,0
20.89,23.6,0,452.5,0.0036001896,0
20.89,23.6,0,451,0.0036001896,0
20.945,23.5,0,450.6666666667,0.0035970646,0
20.89,23.5,0,449,0.0035848466,0
20.945,23.5,0,449,0.0035970646,0
20.945,23.5,0,448.5,0.0035970646,0
20.89,23.5,0,452,0.0035848466,0
20.89,23.5,0,444,0.0035848466,0
20.89,23.5,0,443.5,0.0035848466,0
20.89,23.5,0,446,0.0035848466,0
20.89,23.5,0,449,0.0035848466,0
20.9266666667,23.5,0,448,0.0035929878,0
20.89,23.5,0,448,0.0035848466,0
20.89,23.5,0,449,0.0035848466,0
20.945,23.5,0,443,0.0035970646,0
20.89,23.5,0,444.25,0.0035848466,0
20.89,23.5,0,445.3333333333,0.0035848466,0
20.89,23.5,0,444.5,0.0035848466,0
20.89,23.5,0,446.5,0.0035848466,0
20.89,23.445,0,446,0.0035764083,0
20.89,23.445,0,448.5,0.0035764083,0
20.89,23.39,0,450,0.0035679702,0
20.89,23.445,0,450.5,0.0035764083,0
20.89,23.5,0,448,0.0035848466,0
20.89,23.5,0,448.3333333333,0.0035848466,0
20.89,23.445,0,446.5,0.0035764083,0
20.89,23.5,0,442.5,0.0035848466,0
20.89,23.5,0,440.5,0.0035848466,0
20.89,23.5,0,443,0.0035848466,0
20.89,23.5,0,453,0.0035848466,0
20.89,23.4266666667,0,450,0.0035735956,0
20.89,23.445,0,451,0.0035764083,0
20.89,23.39,0,452.3333333333,0.0035679702,0
20.89,23.445,0,448,0.0035764083,0
20.89,23.39,0,448,0.0035679702,0
20.84,23.395,0,446.5,0.0035577118,0
20.89,23.39,0,449,0.0035679702,0
20.84,23.34,0,446.5,0.0035493002,0
20.89,23.39,0,448,0.0035679702,0
20.89,23.39,0,450.5,0.0035679702,0
20.89,23.39,0,450.5,0.0035679702,0
20.84,23.34,0,448,0.0035493002,0
20.89,23.39,0,448,0.0035679702,0
20.89,23.34,0,451,0.0035602994,0
20.865,23.2925,0,450,0.0035475203,0
20.89,23.34,0,448.5,0.0035602994,0
20.8566666667,23.26,0,449.5,0.0035407158,0
20.89,23.29,0,446,0.0035526288,0
20.89,23.29,0,443,0.0035526288,0
20.89,23.29,0,443,0.0035526288,0
20.89,23.29,0,448,0.0035526288,0
20.84,23.245,0,448.5,0.0035347715,0
20.89,23.29,0,448.5,0.0035526288,0
20.89,23.29,0,448,0.0035526288,0
20.89,23.29,0,450.5,0.0035526288,0
20.89,23.2,0,451,0.0035388222,0
20.89,23.2,0,453,0.0035388222,0
20.89,23.2,0,449,0.0035388222,0
20.89,23.2,0,448.5,0.0035388222,0
20.89,23.2,0,448.5,0.0035388222,0
20.89,23.15,0,448.5,0.0035311521,0
20.89,23.15,0,453.5,0.0035311521,0
20.84,23.075,0,451,0.0035087745,0
20.89,23.1,0,451.3333333333,0.0035234823,0
20.89,23.1,0,452,0.0035234823,0
20.89,23.1,0,452.5,0.0035234823,0
20.8566666667,23.0666666667,0,450.5,0.0035111198,0
20.89,23.1,0,445.6666666667,0.0035234823,0
20.89,23.1,0,449.5,0.0035234823,0
20.89,23.1,0,450,0.0035234823,0
20.89,23.1,0,454,0.0035234823,0
20.89,23.1,0,452,0.0035234823,0
20.89,23.1,0,453.75,0.0035234823,0
20.89,23.1,0,448.5,0.0035234823,0
20.89,23.1,0,447,0.0035234823,0
20.89,23.1,0,447.75,0.0035234823,0
20.89,23.1,0,452,0.0035234823,0
20.89,23,0,454,0.0035081431,0
20.84,23.05,0,455,0.0035049516,0
20.89,23.1,0,455,0.0035234823,0
20.8566666667,23.0666666667,0,449,0.0035111198,0
20.89,23,0,449,0.0035081431,0
20.89,23,0,452,0.0035081431,0
20.89,23,0,449,0.0035081431,0
20.79,22.89,0,450,0.0034697306,0
20.79,22.89,0,452,0.0034697306,0
20.84,22.945,0,449,0.0034888958,0
20.79,22.89,0,448.3333333333,0.0034697306,0
20.79,22.84,0,448,0.0034621093,0
20.79,22.84,0,449.5,0.0034621093,0
20.79,22.89,0,454,0.0034697306,0
20.79,22.89,0,452,0.0034697306,0
20.79,22.89,0,454.5,0.0034697306,0
20.7,22.89,0,454.5,0.0034504446,0
20.745,22.84,0,454,0.0034524758,0
20.7,22.89,0,454.5,0.0034504446,0
20.745,22.84,0,454,0.0034524758,0
20.79,22.79,0,458,0.0034544881,0
20.7,22.79,0,455.5,0.0034352873,0
20.7,22.79,0,452,0.0034352873,0
20.76,22.79,0,458.3333333333,0.0034480774,0
20.7,22.79,0,460,0.0034352873,0
20.7,22.79,0,455,0.0034352873,0
20.7,22.79,0,455,0.0034352873,0
20.73,22.79,0,449,0.0034416771,0
20.7,22.79,0,459,0.0034352873,0
20.7,22.7,0,457,0.0034216464,0
20.73,22.7,0,454,0.0034280107,0
20.7,22.7,0,452.5,0.0034216464,0
20.7,22.7675,0,456.75,0.0034318771,0
20.7,22.79,0,454.5,0.0034352873,0
20.7,22.7,0,453.5,0.0034216464,0
20.7,22.7,0,458,0.0034216464,0
20.7,22.7,0,451.5,0.0034216464,0
20.7,22.7,0,451,0.0034216464,0
20.7,22.7,0,455.6666666667,0.0034216464,0
20.7,22.7,0,457.5,0.0034216464,0
20.7,22.7,0,452,0.0034216464,0
20.7,22.65,0,451,0.0034140684,0
20.7,22.6333333333,0,454.6666666667,0.0034115424,0
20.7,22.6,0,454.6666666667,0.0034064905,0
20.7,22.6,0,454.5,0.0034064905,0
20.7,22.6,0,456,0.0034064905,0
20.7,22.5,0,455,0.0033913354,0
20.7,22.5,0,451.5,0.0033913354,0
20.7,22.5,0,455,0.0033913354,0
20.7,22.5,0,454.5,0.0033913354,0
20.7,22.5,0,451.6666666667,0.0033913354,0
20.7,22.5,0,453.5,0.0033913354,0
20.7,22.5,0,456.5,0.0033913354,0
20.7,22.5,0,457,0.0033913354,0
20.7,22.39,356,457,0.0033746656,1
20.7225,22.5,419,470.75,0.0033960651,1
20.73,22.5,419,472,0.003397643,1
20.7225,22.525,419,470.5,0.0033998591,1
20.7675,22.65,411,478,0.0034283708,1
20.79,22.79,411,492,0.0034544881,1
20.815,22.8675,411,497.75,0.0034716697,1
20.8233333333,23.0333333333,408.3333333333,499,0.0034987918,1
20.815,23.025,400,507,0.0034957152,1
20.89,23.175,396,514.75,0.0035349872,1
20.89,23.29,396,515,0.0035526288,1
20.89,23.29,396,520.75,0.0035526288,1
20.89,23.29,396,526,0.0035526288,1
20.89,23.3233333333,398.3333333333,527,0.0035577425,1
20.945,23.39,399.5,531.25,0.0035801303,1
20.9633333333,23.4633333333,413,536,0.0035954941,1
21,23.5,411,542.75,0.0036093192,1
21,23.5,411,541,0.0036093192,1
21,23.5666666667,411,548.5,0.003619618,1
21,23.6,412.2,553.25,0.0036247675,1
21,23.6,405,559.25,0.0036247675,1
21,23.6,405,567.3333333333,0.0036247675,1
21,23.7,405,569,0.0036402166,1
21,23.7,405,576,0.0036402166,1
21.025,23.7225,405,578.75,0.0036493287,1
21.025,23.7225,412,585.75,0.0036493287,1
21.05,23.745,419,590,0.0036584593,1
21.025,23.7225,419,590,0.0036493287,1
21.1,23.76,419,587.6666666667,0.0036721124,1
21.075,23.72,419,594,0.0036602355,1
21.0333333333,23.6666666667,419,602.3333333333,0.0036425652,1
21.075,23.7675,419,611,0.0036676085,1
21.1,23.79,419,611.3333333333,0.0036767763,1
21.1,23.79,419,613,0.0036767763,1
21.1,23.73,419,615,0.0036674485,1
21.15,23.7225,419,615.75,0.0036776237,1
21.2,23.745,419,620.5,0.0036925154,1
21.2,23.79,419,630.6666666667,0.0036995548,1
21.2,23.79,419,640.5,0.0036995548,1
21.26,23.8566666667,423.6666666667,641,0.0037237496,1
21.29,23.865,422.5,650.75,0.0037319602,1
21.29,23.89,419,651,0.0037358931,1
21.3233333333,23.9266666667,428.3333333333,654.6666666667,0.0037493639,1
21.29,24,424.6,664.25,0.0037531986,1
21.34,24,426,675.4,0.0037647932,1
21.29,24.05,429.5,675,0.0037610651,1
21.29,24.1,419,679,0.0037689317,1
21.315,24.175,426,685.5,0.0037865682,1
21.29,24.2,419,689.3333333333,0.0037846656,1
21.29,24.2,433,692.75,0.0037846656,1
21.34,24.15,433,695.5,0.0037884665,1
21.3233333333,24.1,433,693.3333333333,0.0037766905,1
21.29,24.1,433,694.25,0.0037689317,1
21.34,24.2225,433,703,0.0037999092,1
21.29,24.29,433,704.5,0.0037988268,1
21.34,24.29,433,709,0.0038105632,1
21.34,24.29,433,721.5,0.0038105632,1
21.3233333333,24.29,426.6666666667,727,0.0038066475,1
21.3566666667,24.29,436.3333333333,733,0.0038144824,1
21.365,24.29,429,736.25,0.0038164434,1
21.39,24.29,429,742,0.0038223315,1
21.3566666667,24.29,429,742.6666666667,0.0038144824,1
21.3233333333,24.29,434,737,0.0038066475,1
21.39,24.2675,444,739.25,0.0038187691,1
21.3233333333,24.29,444,752,0.0038066475,1
21.39,24.29,444,753.75,0.0038223315,1
21.365,24.2225,441.75,746.25,0.0038057729,1
21.39,24.26,446,754.6666666667,0.0038175817,1
21.39,24.26,439,755.3333333333,0.0038175817,1
21.39,24.29,446.5,758.25,0.0038223315,1
21.39,24.29,446,766.6,0.0038223315,1
21.39,24.29,451.5,781,0.0038223315,1
21.4175,24.315,455.25,785.5,0.0038327828,1
21.39,24.29,447.3333333333,789.6666666667,0.0038223315,1
21.445,24.34,444,787.5,0.0038432573,1
21.4633333333,24.3566666667,455.6666666667,787.6666666667,0.0038502533,1
21.5,24.39,454,782.5,0.0038642765,1
21.5,24.39,457.3333333333,782.3333333333,0.0038642765,1
21.5,24.39,454,786,0.0038642765,1
21.5,24.3566666667,465.6666666667,786.6666666667,0.0038589625,1
21.5,24.365,465.5,785.25,0.003860291,1
21.5,24.29,469.6666666667,788,0.0038483348,1
21.525,24.5425,478.5,791.25,0.0038945831,1
21.55,24.5175,471.25,808.75,0.003896587,1
21.6,24.39,473,812,0.00388815,1
21.6,24.55,484.5,811,0.003913817,1
21.7,24.7,482.5,817.75,0.0039621942,1
21.7,24.6966666667,487.5,833.25,0.0039616561,1
21.7675,24.865,490,847.75,0.0040054291,1
21.79,24.89,492,854,0.0040150338,1
21.815,24.9175,497.25,863.5,0.0040256818,1
21.84,25.0225,495.5,869.75,0.0040489739,1
21.89,25.15,495.5,880,0.0040822658,1
21.89,25.2,497,895.75,0.004090435,1
21.89,25.2,497,895.5,0.004090435,1
21.89,25.2925,495.5,910.75,0.0041055486,1
21.9175,25.39,494,919.25,0.0041284503,1
21.9633333333,25.3933333333,498.6666666667,925.3333333333,0.0041406378,1
22,25.4725,504.25,933.75,0.0041629968,1
22,25.5,506,936,0.0041675213,1
22,25.519,505.75,939.375,0.0041706473,1
22,25.538,505.5,942.75,0.0041737734,1
22.025,25.5975,518.5,948.25,0.00418999,1
22.05,25.7475,508.5,961.5,0.0042211833,1
22.0666666667,25.7933333333,503.6666666667,969.3333333333,0.0042330771,1
22.0666666667,25.8933333333,496.3333333333,973.6666666667,0.0042496008,1
22.1,25.9266666667,503,986.3333333333,0.0042638231,1
22.1,25.945,506,994.5,0.0042668588,1
22.1,26.075,489.5,1003.25,0.0042883858,1
22.1,25.83,478,1006.6666666667,0.004247817,1
22.1,25.8233333333,478,1009,0.0042467132,1
22.1,25.8,483.25,998.75,0.0042428498,1
22.1,25.8225,484,998,0.0042465752,1
22.1,26.05,476,1008,0.0042842459,1
22.1,26.1,486.5,1021,0.0042925257,1
22.1,26.0725,476.25,1029.5,0.0042879718,1
22.1,25.745,469,1025,0.0042337434,1
22.1,25.7933333333,459,1015,0.004241746,1
22.1,25.945,459,1011,0.0042668588,1
22.1,26.03,459,1011.6666666667,0.004280934,1
22.125,26.025,460.25,1025,0.0042866772,1
22.1,26.1,446.5,1026.75,0.0042925257,1
22.1,26.1,466.5,1035,0.0042925257,1
22.1,26.175,450.25,1032,0.0043049459,1
22.1,26.2,439,1025.6666666667,0.0043090861,1
22.1,26.1975,450.25,1026.5,0.0043086721,1
22.1,26.2,454,1024,0.0043090861,1
22.075,26.2,450.25,1023.5,0.0043024791,1
22.075,26.2225,454,1026.5,0.0043061995,1
22.1,26.29,454,1031.3333333333,0.0043239912,1
22.1,26.29,454,1027,0.0043239912,1
22.1,26.29,457.75,1031,0.0043239912,1
22.1,26.3566666667,462.3333333333,1033,0.0043350325,1
22.1,26.315,454,1037,0.0043281317,1
22.1,26.39,456.5,1038,0.0043405533,1
22.1,26.39,454,1034.5,0.0043405533,1
22.1,26.39,461.5,1038.5,0.0043405533,1
22.1,26.39,444,1037,0.0043405533,1
22.1,26.5225,449.5,1037.5,0.0043624994,1
22.125,26.4425,449.5,1032.75,0.0043559268,1
22.1,26.47,449.5,1031.5,0.0043538036,1
22.1,26.445,460,1039.25,0.0043496628,1
22.1,26.5,453,1038,0.0043587726,1
22.1,26.445,449.5,1040.25,0.0043496628,1
22.1,26.5,449.5,1036.75,0.0043587726,1
22.1,26.55,460,1045.5,0.0043670544,1
22.1,26.5,453,1038,0.0043587726,1
22.1,26.5,454.75,1041.75,0.0043587726,1
22.1,26.6,449.5,1047.5,0.0043753365,1
22.1,26.6,449.5,1045.5,0.0043753365,1
22.1,26.575,449.5,1041.5,0.0043711954,1
22.15,26.6,449.5,1043,0.0043887824,1
22.1,26.7,455.5,1049,0.0043919012,1
22.1,26.6666666667,454,1048,0.0043863796,1
22.1,26.675,454,1047,0.00438776,1
22.1,26.625,469,1047.4,0.0043794776,1
22.1,26.65,469,1050,0.0043836187,1
22.1,26.625,464,1047.75,0.0043794776,1
22.1,26.65,469,1047,0.0043836187,1
22.1,26.64,469,1048.25,0.0043819623,1
22.025,26.4425,469,1034.25,0.0043292686,1
22.05,26.34,469,1024.5,0.0043189955,1
22,26.29,469,1024.75,0.0042975248,1
22,26.29,469,1024,0.0042975248,1
22,26.23,469,1021.6666666667,0.0042876492,1
22.0666666667,26.26,464,1016,0.0043101949,1
22.05,26.245,454,1009,0.0043033104,1
22.075,26.2925,454,1006.25,0.0043177746,1
22.1,26.29,454,1007.5,0.0043239912,1
22.1,26.245,461.5,1008,0.0043165386,1
22.1,26.245,461.5,1002.5,0.0043165386,1
22.1,26.245,464,999,0.0043165386,1
22.1,26.245,459,1006,0.0043165386,1
22.1,26.2,469,1003,0.0043090861,1
22.08,26.216,461.5,1006.5,0.0043064462,1
22.1,26.2,454,1014,0.0043090861,1
22,26.1,454,1009,0.0042662532,1
22.08,26.18,454,1009.6,0.0043004917,1
22.025,26.125,454,1010.5,0.0042769288,1
22,26.175,454,1012.5,0.0042785968,1
22.0333333333,26.23,454,1013.6666666667,0.004296435,1
22.075,26.2675,454,1023.25,0.0043136406,1
22,26.2,439,1025,0.0042827115,1
22.075,26.29,444.25,1022,0.0043173612,1
